goal: 2 + 2 *
[220, 13, 8, 220, 220]
[  0,  1, 0,   0,   0]
buttons:
[  1,  0, 1,   1,   1]: 0
[  1,  1, 0,   1,   1]: 1
[  1,  0, 0,   1,   1]: 2

1,2
[  2,  1, 0,   2,   2]

remaining:
[218, 12, 8, 218, 218]

new goal: 1 + 2 *
[109,  6, 4, 109, 109]
[  1,  0, 0,   1,   1]

2
[  1,  0, 0,   1,   1]

remaining:
[108,  6, 4, 108, 108]

new goal:
[ 54,  3, 2,  54,  54]
[  0,  1, 0,   0,   0]

1,2
[  2,  1, 0,   2,   2]

remaining:
[ 52,  2, 2,  52,  52]

new goal:
[ 26,  1, 1,  26,  26]
[  0,  1, 1,   0,   0]

0,1
[  2,  1, 1,   2,   2]

remaining:
[ 24,  0, 0,  24,  24]

new goal: 
[ 12,  0, 0,  12,  12]

new goal: 10
[  6,  0, 0,   6,   6]

new goal: 1 + (2 * 2)
[  3,  0, 0,   3,   3]
[  1,  0, 0,   1,   1]

2
[  1,  0, 0,   1,   1]

remaining: 2
[  2,  0, 0,   2,   2]

new goal: 1
[  1,  0, 0,   1,   1]
[  1,  0, 0,   1,   1]

2












Pressing (3) and (0,1).
Pressing (1,3), (2), and (0,2).
Pressing (2), (2,3), and (0,1),
Pressing (3), (1,3), (2,3), and (0,2).

{0:1, 5:1}, {1:1, 2:1, 4:1}, {2:1, 3:1, 5:1}, {0:1, 1:1, 3:1, 4:1}
{0:1, 2:1, 3:1, 4:1, 5:1}, {4:1, 5:1}, {0:1, 1:1, 2:1}, {1:1, 3:1}
